9, 1940, 97520.000000,0.037106
9, 2815, 42376.000000,0.016124
9, 3061, 36315.000000,0.013818
9, 1920, 84377.000000,0.032105
9, 3321, 67349.000000,0.025626
9, 3347, 49676.000000,0.018901
9, 1134, 29140.000000,0.011088
12, 39, 30195.000000,0.011489
12, 2541, 105971.000000,0.040321
12, 3452, 126968.000000,0.048310
12, 1936, 35485.000000,0.013502
12, 1957, 37375.000000,0.014221
12, 2936, 42211.000000,0.016061
12, 3056, 39509.000000,0.015033
12, 342, 48960.000000,0.018629
12, 863, 47817.000000,0.018194
12, 2030, 59558.000000,0.022661
12, 2448, 48566.000000,0.018479
12, 2087, 42292.000000,0.016092
12, 2803, 54786.000000,0.020846
12, 664, 32560.000000,0.012389
12, 65, 31389.000000,0.011943
12, 143, 32946.000000,0.012536
12, 298, 37280.000000,0.014185
12, 493, 33710.000000,0.012826
12, 2802, 33925.000000,0.012908
12, 1935, 39277.000000,0.014945
12, 2428, 31108.000000,0.011836
27, 981, 53699.000000,0.020432
27, 1862, 55822.000000,0.021240
39, 664, 29616.000000,0.011269
39, 354, 30544.000000,0.011622
39, 1134, 28067.000000,0.010679
39, 1135, 34623.000000,0.013174
65, 632, 35111.000000,0.013359
65, 664, 30342.000000,0.011545
65, 143, 28898.000000,0.010995
107, 679, 43022.000000,0.016370
143, 3078, 86333.000000,0.032849
143, 2752, 38728.000000,0.014736
143, 144, 86333.000000,0.032849
143, 2541, 39652.000000,0.015087
143, 3452, 32171.000000,0.012241
143, 2803, 29076.000000,0.011063
143, 2428, 27996.000000,0.010652
143, 164, 36627.000000,0.013936
143, 313, 31508.000000,0.011989
143, 1920, 28230.000000,0.010741
143, 2815, 30989.000000,0.011791
143, 3061, 33123.000000,0.012603
143, 1439, 35404.000000,0.013471
144, 2541, 35802.000000,0.013622
144, 2752, 84405.000000,0.032116
144, 3452, 30140.000000,0.011468
144, 164, 26792.000000,0.010194
144, 2803, 30280.000000,0.011521
144, 2448, 27470.000000,0.010452
144, 2815, 29560.000000,0.011247
144, 3078, 46960.000000,0.017868
144, 2030, 29693.000000,0.011298
164, 1439, 38763.000000,0.014749
166, 167, 31590.000000,0.012020
167, 168, 26700.000000,0.010159
167, 2232, 29182.000000,0.011104
168, 2232, 63840.000000,0.024291
203, 2198, 28127.000000,0.010702
233, 1916, 28213.000000,0.010735
234, 1048, 28409.000000,0.010809
234, 1251, 26582.000000,0.010114
234, 1501, 30246.000000,0.011508
243, 2486, 30901.000000,0.011758
278, 400, 35825.000000,0.013631
298, 2802, 68134.000000,0.025925
298, 2541, 36846.000000,0.014020
298, 2087, 53422.000000,0.020327
298, 3452, 33499.000000,0.012746
312, 2380, 48812.000000,0.018573
312, 3354, 34552.000000,0.013147
312, 314, 32873.000000,0.012508
312, 313, 34744.000000,0.013220
313, 2815, 71486.000000,0.027200
313, 3061, 81935.000000,0.031176
313, 824, 58850.000000,0.022392
313, 314, 43960.000000,0.016726
313, 1920, 31245.000000,0.011889
313, 3321, 26289.000000,0.010003
314, 624, 45549.000000,0.017331
314, 437, 29609.000000,0.011266
314, 2815, 26539.000000,0.010098
324, 2719, 27775.000000,0.010568
325, 784, 35115.000000,0.013361
342, 863, 53724.000000,0.020442
342, 1935, 34489.000000,0.013123
342, 1936, 42270.000000,0.016083
342, 1957, 46252.000000,0.017599
342, 2030, 95531.000000,0.036349
342, 2448, 115757.000000,0.044045
342, 2541, 62161.000000,0.023652
342, 2803, 50678.000000,0.019283
342, 2936, 52541.000000,0.019991
342, 3056, 49581.000000,0.018865
342, 3452, 54176.000000,0.020614
342, 493, 29853.000000,0.011359
354, 437, 36086.000000,0.013730
354, 624, 36360.000000,0.013835
354, 824, 39483.000000,0.015023
354, 1134, 110001.000000,0.041855
354, 1920, 30667.000000,0.011669
354, 2255, 36866.000000,0.014027
354, 2380, 38570.000000,0.014676
354, 2815, 39456.000000,0.015013
354, 3061, 36693.000000,0.013961
354, 3321, 28284.000000,0.010762
354, 3347, 34276.000000,0.013042
354, 3348, 51817.000000,0.019716
354, 1135, 27190.000000,0.010346
354, 3354, 54457.000000,0.020721
354, 2009, 50219.000000,0.019108
354, 2010, 55472.000000,0.021107
354, 2030, 34249.000000,0.013032
354, 2448, 42160.000000,0.016042
354, 3078, 27328.000000,0.010398
354, 1940, 27141.000000,0.010327
360, 2065, 28102.000000,0.010693
400, 1223, 27977.000000,0.010645
408, 2248, 27571.000000,0.010491
437, 624, 69765.000000,0.026545
437, 1134, 32699.000000,0.012442
437, 2010, 33569.000000,0.012773
437, 2009, 33590.000000,0.012781
473, 474, 32752.000000,0.012462
492, 2818, 35228.000000,0.013404
493, 2541, 29223.000000,0.011119
493, 3452, 33998.000000,0.012936
493, 863, 80100.000000,0.030477
493, 1935, 31187.000000,0.011866
493, 2803, 36400.000000,0.013850
493, 3056, 32068.000000,0.012202
493, 1936, 29087.000000,0.011067
493, 1957, 28049.000000,0.010672
493, 2936, 32319.000000,0.012297
493, 2030, 27633.000000,0.010514
511, 2145, 44312.000000,0.016860
511, 2164, 42815.000000,0.016291
511, 2733, 38200.000000,0.014535
512, 2737, 55010.000000,0.020931
512, 1965, 45928.000000,0.017475
512, 2197, 40341.000000,0.015349
512, 2281, 36939.000000,0.014055
512, 3388, 43033.000000,0.016374
614, 2451, 27161.000000,0.010335
624, 2380, 28214.000000,0.010735
624, 3354, 26898.000000,0.010234
624, 1134, 33156.000000,0.012616
624, 2010, 33531.000000,0.012758
624, 2815, 28402.000000,0.010807
624, 2009, 33513.000000,0.012751
624, 2448, 29355.000000,0.011169
664, 2751, 28644.000000,0.010899
676, 679, 36089.000000,0.013732
824, 2815, 56003.000000,0.021309
824, 3061, 52766.000000,0.020077
824, 1134, 33333.000000,0.012683
824, 2255, 27418.000000,0.010432
824, 2010, 33365.000000,0.012695
824, 3354, 32313.000000,0.012295
824, 2009, 28550.000000,0.010863
863, 1935, 39211.000000,0.014920
863, 2087, 27705.000000,0.010542
863, 2803, 57483.000000,0.021872
863, 1936, 48518.000000,0.018461
863, 1957, 42980.000000,0.016354
863, 2030, 47274.000000,0.017987
863, 2448, 49740.000000,0.018926
863, 2541, 61504.000000,0.023402
863, 2936, 55602.000000,0.021156
863, 3056, 58323.000000,0.022191
863, 3452, 53720.000000,0.020440
863, 2428, 30817.000000,0.011726
863, 3510, 26632.000000,0.010133
864, 2736, 44685.000000,0.017002
864, 1466, 29558.000000,0.011247
864, 1954, 27852.000000,0.010597
864, 2196, 31152.000000,0.011853
864, 3387, 34609.000000,0.013168
883, 2997, 42820.000000,0.016293
883, 3083, 36263.000000,0.013798
883, 1116, 27330.000000,0.010399
884, 1365, 27384.000000,0.010419
896, 3020, 42909.000000,0.016327
955, 1224, 29614.000000,0.011268
980, 994, 26559.000000,0.010106
981, 984, 31811.000000,0.012104
981, 1862, 29540.000000,0.011240
982, 1780, 37743.000000,0.014361
982, 1778, 33668.000000,0.012810
1028, 1153, 39567.000000,0.015055
1046, 1249, 38686.000000,0.014720
1046, 3559, 44827.000000,0.017056
1046, 1499, 33246.000000,0.012650
1048, 1501, 27157.000000,0.010333
1074, 2699, 28811.000000,0.010962
1116, 2998, 50225.000000,0.019110
1116, 3001, 38732.000000,0.014737
1116, 3084, 46318.000000,0.017624
1116, 2997, 35386.000000,0.013464
1116, 3083, 31855.000000,0.012121
1116, 1117, 30330.000000,0.011540
1116, 1118, 35369.000000,0.013458
1116, 1119, 32984.000000,0.012550
1116, 2999, 35001.000000,0.013318
1116, 3000, 35532.000000,0.013520
1116, 3085, 29016.000000,0.011040
1116, 3086, 28313.000000,0.010773
1116, 3087, 37926.000000,0.014431
1117, 1119, 27868.000000,0.010604
1117, 2997, 30662.000000,0.011667
1117, 2999, 49599.000000,0.018872
1117, 3001, 28430.000000,0.010817
1117, 3083, 27912.000000,0.010620
1117, 3085, 38323.000000,0.014582
1117, 3087, 28769.000000,0.010946
1117, 2998, 27916.000000,0.010622
1117, 3084, 31787.000000,0.012095
1118, 1119, 31426.000000,0.011957
1118, 3000, 46602.000000,0.017732
1118, 3001, 36386.000000,0.013845
1118, 3086, 38173.000000,0.014525
1118, 3087, 34198.000000,0.013012
1118, 2997, 29495.000000,0.011223
1118, 2998, 27001.000000,0.010274
1118, 2999, 27162.000000,0.010335
1118, 3084, 26581.000000,0.010114
1119, 2997, 30381.000000,0.011560
1119, 2999, 29717.000000,0.011307
1119, 3000, 31621.000000,0.012032
1119, 3001, 49124.000000,0.018691
1119, 3087, 39595.000000,0.015066
1119, 2998, 29009.000000,0.011038
1119, 3084, 28133.000000,0.010704
1134, 2815, 39658.000000,0.015090
1134, 3354, 50970.000000,0.019394
1134, 1920, 34233.000000,0.013025
1134, 2255, 30336.000000,0.011543
1134, 2380, 39241.000000,0.014931
1134, 3061, 31558.000000,0.012008
1134, 3321, 26560.000000,0.010106
1134, 3347, 31392.000000,0.011944
1134, 3348, 64723.000000,0.024627
1134, 1135, 27917.000000,0.010622
1134, 2009, 44215.000000,0.016823
1134, 2010, 48834.000000,0.018581
1134, 2030, 27772.000000,0.010567
1134, 2448, 32790.000000,0.012476
1134, 1940, 30363.000000,0.011553
1153, 1862, 38701.000000,0.014725
1213, 1221, 33352.000000,0.012690
1214, 1222, 34484.000000,0.013121
1215, 1223, 36728.000000,0.013975
1216, 1224, 37738.000000,0.014359
1217, 1225, 32865.000000,0.012505
1218, 1226, 40569.000000,0.015436
1219, 2329, 28917.000000,0.011003
1221, 1557, 29406.000000,0.011189
1226, 2330, 30126.000000,0.011463
1239, 1365, 33944.000000,0.012915
1249, 3559, 30947.000000,0.011775
1249, 1499, 36306.000000,0.013814
1251, 1501, 26442.000000,0.010061
1299, 2488, 26572.000000,0.010110
1299, 3159, 28006.000000,0.010656
1320, 2591, 28264.000000,0.010754
1365, 2997, 26681.000000,0.010152
1434, 3119, 29252.000000,0.011130
1436, 1467, 31353.000000,0.011930
1436, 2195, 48281.000000,0.018371
1436, 2280, 39096.000000,0.014876
1436, 2734, 33910.000000,0.012903
1436, 3414, 42469.000000,0.016159
1441, 3346, 41818.000000,0.015911
1443, 1863, 34103.000000,0.012976
1453, 1454, 28683.000000,0.010914
1455, 2451, 30127.000000,0.011463
1466, 1954, 43132.000000,0.016411
1466, 2196, 44532.000000,0.016944
1466, 2736, 32999.000000,0.012556
1466, 3387, 37585.000000,0.014301
1467, 2195, 31930.000000,0.012149
1467, 2280, 43599.000000,0.016589
1467, 2734, 47790.000000,0.018184
1467, 3414, 40634.000000,0.015461
1499, 3559, 27630.000000,0.010513
1507, 2269, 42225.000000,0.016066
1507, 2472, 34970.000000,0.013306
1507, 3381, 29254.000000,0.011131
1507, 3383, 38140.000000,0.014512
1778, 1808, 46759.000000,0.017791
1778, 1809, 35043.000000,0.013334
1778, 1811, 46176.000000,0.017570
1778, 1780, 62030.000000,0.023602
1778, 2056, 30137.000000,0.011467
1778, 2058, 44050.000000,0.016761
1778, 2065, 41939.000000,0.015957
1778, 1802, 43309.000000,0.016479
1780, 1808, 41244.000000,0.015693
1780, 1811, 35154.000000,0.013376
1780, 2058, 27396.000000,0.010424
1780, 2065, 30085.000000,0.011447
1780, 1802, 33321.000000,0.012678
1802, 1808, 35679.000000,0.013576
1802, 1811, 37516.000000,0.014275
1802, 2058, 31720.000000,0.012069
1802, 2065, 46810.000000,0.017811
1803, 1897, 34454.000000,0.013110
1803, 2640, 29299.000000,0.011148
1808, 1811, 39497.000000,0.015028
1808, 2056, 35038.000000,0.013332
1808, 2058, 33223.000000,0.012641
1808, 2065, 27274.000000,0.010378
1811, 2058, 46863.000000,0.017831
1811, 2065, 31471.000000,0.011974
1839, 1974, 49746.000000,0.018928
1839, 3354, 32012.000000,0.012180
1839, 2429, 45277.000000,0.017228
1863, 3384, 30648.000000,0.011661
1897, 2640, 43916.000000,0.016710
1920, 1940, 99065.000000,0.037694
1920, 2815, 50058.000000,0.019047
1920, 3061, 48178.000000,0.018331
1920, 3321, 107889.000000,0.041051
1920, 3347, 66827.000000,0.025427
1920, 1936, 26639.000000,0.010136
1920, 2936, 29305.000000,0.011150
1935, 2803, 89369.000000,0.034004
1935, 1936, 31289.000000,0.011905
1935, 1957, 36446.000000,0.013867
1935, 2030, 34944.000000,0.013296
1935, 2448, 33332.000000,0.012683
1935, 2541, 33976.000000,0.012928
1935, 2936, 36389.000000,0.013846
1935, 3056, 31010.000000,0.011799
1935, 3452, 33471.000000,0.012735
1936, 2936, 152585.000000,0.058058
1936, 1957, 92772.000000,0.035299
1936, 2030, 37239.000000,0.014169
1936, 2448, 43549.000000,0.016570
1936, 2541, 39441.000000,0.015007
1936, 2803, 39961.000000,0.015205
1936, 3056, 113143.000000,0.043050
1936, 3452, 37959.000000,0.014443
1937, 2817, 28680.000000,0.010913
1940, 2815, 44292.000000,0.016853
1940, 3061, 40653.000000,0.015468
1940, 3321, 74951.000000,0.028518
1940, 3347, 52318.000000,0.019907
1940, 2010, 26400.000000,0.010045
1954, 2196, 39939.000000,0.015197
1954, 2736, 30478.000000,0.011597
1954, 3387, 33251.000000,0.012652
1957, 2030, 49856.000000,0.018970
1957, 2448, 51988.000000,0.019781
1957, 2541, 38148.000000,0.014515
1957, 2803, 37931.000000,0.014432
1957, 2936, 103214.000000,0.039272
1957, 3056, 82446.000000,0.031370
1957, 3452, 35394.000000,0.013467
1961, 2972, 47266.000000,0.017984
1964, 2146, 56386.000000,0.021454
1964, 2279, 57533.000000,0.021891
1964, 2735, 50281.000000,0.019132
1965, 2197, 48296.000000,0.018376
1965, 2281, 44649.000000,0.016989
1965, 2737, 52438.000000,0.019952
1965, 3388, 51628.000000,0.019644
1974, 2429, 27554.000000,0.010484
2009, 2010, 102016.000000,0.038816
2009, 2255, 77742.000000,0.029580
2009, 3354, 35567.000000,0.013533
2009, 2448, 30522.000000,0.011613
2009, 2815, 35131.000000,0.013367
2009, 3061, 29899.000000,0.011376
2010, 2255, 62003.000000,0.023592
2010, 2815, 42748.000000,0.016265
2010, 3061, 32424.000000,0.012337
2010, 2448, 29969.000000,0.011403
2010, 3347, 30175.000000,0.011481
2010, 2030, 26486.000000,0.010078
2010, 3354, 39577.000000,0.015059
2010, 2380, 31497.000000,0.011984
2030, 2380, 34899.000000,0.013279
2030, 2448, 132672.000000,0.050481
2030, 2752, 31331.000000,0.011921
2030, 3354, 40249.000000,0.015314
2030, 2541, 58376.000000,0.022212
2030, 2803, 45031.000000,0.017134
2030, 2936, 46723.000000,0.017778
2030, 3056, 39300.000000,0.014953
2030, 3452, 52325.000000,0.019909
2030, 3347, 30788.000000,0.011715
2030, 3078, 38856.000000,0.014784
2030, 2428, 28874.000000,0.010986
2032, 2033, 34544.000000,0.013144
2058, 2065, 34938.000000,0.013294
2087, 2802, 63386.000000,0.024118
2087, 2448, 27769.000000,0.010566
2087, 2541, 36022.000000,0.013706
2087, 3452, 34961.000000,0.013302
2145, 2164, 40290.000000,0.015330
2145, 2733, 40499.000000,0.015410
2146, 2279, 48980.000000,0.018637
2146, 2735, 56430.000000,0.021471
2164, 2733, 36516.000000,0.013894
2195, 2280, 41240.000000,0.015692
2195, 2734, 35420.000000,0.013477
2195, 3414, 46937.000000,0.017859
2196, 2736, 36000.000000,0.013698
2196, 3387, 41245.000000,0.015693
2197, 3388, 53972.000000,0.020536
2197, 2281, 55476.000000,0.021108
2197, 2737, 45123.000000,0.017169
2251, 2429, 53394.000000,0.020316
2268, 2471, 42755.000000,0.016268
2268, 3382, 36166.000000,0.013761
2269, 2472, 36236.000000,0.013788
2269, 3381, 29118.000000,0.011079
2269, 3383, 40099.000000,0.015257
2279, 2735, 45188.000000,0.017194
2280, 2734, 48020.000000,0.018271
2280, 3414, 52278.000000,0.019891
2281, 2737, 41035.000000,0.015614
2281, 3388, 48897.000000,0.018605
2380, 3354, 87687.000000,0.033364
2380, 2448, 37763.000000,0.014369
2428, 2448, 27938.000000,0.010630
2428, 2541, 29225.000000,0.011120
2428, 3452, 30719.000000,0.011688
2428, 3510, 50325.000000,0.019148
2428, 2803, 33474.000000,0.012737
2428, 2936, 27765.000000,0.010564
2429, 2448, 26631.000000,0.010133
2429, 3354, 32804.000000,0.012482
2448, 2752, 30460.000000,0.011590
2448, 3354, 43380.000000,0.016506
2448, 2541, 61269.000000,0.023312
2448, 2803, 44812.000000,0.017051
2448, 2936, 52927.000000,0.020138
2448, 3056, 44301.000000,0.016856
2448, 3452, 53965.000000,0.020533
2448, 3078, 34969.000000,0.013305
2448, 2802, 26620.000000,0.010129
2471, 3382, 47174.000000,0.017949
2472, 3381, 38796.000000,0.014762
2472, 3383, 41937.000000,0.015957
2486, 2947, 29915.000000,0.011382
2488, 3159, 36424.000000,0.013859
2541, 3452, 148505.000000,0.056505
2541, 2803, 57382.000000,0.021833
2541, 2936, 51325.000000,0.019529
2541, 3056, 54406.000000,0.020701
2541, 2802, 32535.000000,0.012379
2550, 2686, 31396.000000,0.011946
2700, 2821, 32450.000000,0.012347
2734, 2737, 26945.000000,0.010252
2734, 3414, 43872.000000,0.016693
2735, 2737, 31649.000000,0.012042
2736, 2737, 29282.000000,0.011142
2736, 3387, 40940.000000,0.015577
2737, 3388, 48590.000000,0.018488
2752, 3354, 26451.000000,0.010064
2752, 3078, 39112.000000,0.014882
2802, 3452, 33066.000000,0.012581
2803, 2936, 47534.000000,0.018086
2803, 3056, 45465.000000,0.017299
2803, 3452, 50224.000000,0.019110
2815, 3061, 123032.000000,0.046813
2815, 2819, 31784.000000,0.012094
2815, 3354, 28139.000000,0.010707
2815, 2820, 28404.000000,0.010808
2815, 3321, 41277.000000,0.015706
2815, 3347, 31417.000000,0.011954
2815, 3348, 29934.000000,0.011390
2815, 2817, 29825.000000,0.011348
2815, 2936, 27691.000000,0.010536
2818, 2820, 31723.000000,0.012070
2818, 2822, 35665.000000,0.013570
2818, 2821, 28498.000000,0.010843
2819, 2822, 29302.000000,0.011149
2819, 2820, 29671.000000,0.011290
2819, 3019, 41667.000000,0.015854
2820, 2822, 40209.000000,0.015299
2820, 2821, 29174.000000,0.011100
2821, 2822, 32439.000000,0.012343
2831, 2832, 32219.000000,0.012259
2894, 3397, 30018.000000,0.011422
2936, 3056, 141404.000000,0.053803
2936, 3452, 44178.000000,0.016809
2997, 2999, 38695.000000,0.014723
2997, 3000, 36225.000000,0.013783
2997, 3001, 36788.000000,0.013998
2997, 3083, 56940.000000,0.021665
2997, 3085, 33033.000000,0.012569
2997, 3086, 34015.000000,0.012942
2997, 3087, 39103.000000,0.014878
2997, 2998, 32159.000000,0.012236
2997, 3084, 38241.000000,0.014550
2998, 3001, 33971.000000,0.012926
2998, 3084, 54606.000000,0.020777
2998, 3000, 32869.000000,0.012506
2998, 3083, 31548.000000,0.012004
2998, 3086, 30567.000000,0.011631
2998, 3087, 34710.000000,0.013207
2998, 2999, 37447.000000,0.014248
2998, 3085, 30857.000000,0.011741
2999, 3000, 33193.000000,0.012630
2999, 3001, 38033.000000,0.014471
2999, 3083, 37467.000000,0.014256
2999, 3085, 59276.000000,0.022554
2999, 3086, 33443.000000,0.012725
2999, 3087, 38772.000000,0.014752
2999, 3084, 43915.000000,0.016709
3000, 3086, 52627.000000,0.020024
3000, 3087, 43920.000000,0.016711
3000, 3001, 42756.000000,0.016268
3000, 3083, 33509.000000,0.012750
3000, 3085, 32640.000000,0.012419
3000, 3084, 35683.000000,0.013577
3001, 3084, 37078.000000,0.014108
3001, 3083, 35638.000000,0.013560
3001, 3085, 33234.000000,0.012645
3001, 3086, 34033.000000,0.012949
3001, 3087, 52626.000000,0.020024
3056, 3452, 42849.000000,0.016304
3061, 3321, 40398.000000,0.015371
3061, 3347, 30318.000000,0.011536
3061, 3348, 27282.000000,0.010381
3078, 3354, 28835.000000,0.010972
3083, 3087, 44296.000000,0.016854
3083, 3085, 40637.000000,0.015462
3083, 3086, 41565.000000,0.015815
3083, 3084, 41899.000000,0.015942
3084, 3086, 42561.000000,0.016194
3084, 3087, 45910.000000,0.017468
3084, 3085, 47332.000000,0.018009
3085, 3086, 42584.000000,0.016203
3085, 3087, 45313.000000,0.017241
3086, 3087, 46464.000000,0.017679
3321, 3347, 71736.000000,0.027295
3347, 3354, 33022.000000,0.012565
3381, 3383, 33070.000000,0.012583
9, 1920, 1940, 81262.000000,0.030920
9, 1920, 2815, 35100.000000,0.013355
9, 1920, 3061, 31629.000000,0.012035
9, 1920, 3321, 65808.000000,0.025039
9, 1920, 3347, 46159.000000,0.017563
9, 1940, 2815, 37727.000000,0.014355
9, 1940, 3061, 34417.000000,0.013095
9, 1940, 3321, 63281.000000,0.024078
9, 1940, 3347, 46162.000000,0.017564
9, 2815, 3061, 32388.000000,0.012323
9, 2815, 3321, 26424.000000,0.010054
9, 3321, 3347, 45762.000000,0.017412
12, 298, 2541, 30552.000000,0.011625
12, 298, 2802, 30368.000000,0.011555
12, 298, 3452, 30523.000000,0.011614
12, 342, 2030, 33475.000000,0.012737
12, 342, 2448, 35977.000000,0.013689
12, 342, 2541, 38422.000000,0.014619
12, 342, 3452, 44176.000000,0.016809
12, 493, 863, 26642.000000,0.010137
12, 863, 2541, 34167.000000,0.013000
12, 863, 3452, 39357.000000,0.014975
12, 1935, 2803, 31569.000000,0.012012
12, 1935, 3452, 26460.000000,0.010068
12, 1936, 1957, 26987.000000,0.010268
12, 1936, 2936, 34329.000000,0.013062
12, 1936, 3452, 28870.000000,0.010985
12, 1957, 2936, 29935.000000,0.011390
12, 1957, 3452, 29252.000000,0.011130
12, 2030, 2448, 40043.000000,0.015236
12, 2030, 2541, 35582.000000,0.013539
12, 2030, 3452, 42852.000000,0.016305
12, 2087, 2541, 27075.000000,0.010302
12, 2087, 2802, 27374.000000,0.010416
12, 2087, 3452, 29218.000000,0.011117
12, 2448, 2541, 36524.000000,0.013897
12, 2448, 3452, 40592.000000,0.015445
12, 2541, 2802, 26630.000000,0.010133
12, 2541, 2803, 36032.000000,0.013710
12, 2541, 2936, 27263.000000,0.010373
12, 2541, 3056, 28361.000000,0.010791
12, 2541, 3452, 99661.000000,0.037920
12, 2802, 3452, 29135.000000,0.011086
12, 2803, 3452, 39124.000000,0.014886
12, 2936, 3056, 31705.000000,0.012064
12, 2936, 3452, 32396.000000,0.012326
12, 3056, 3452, 31104.000000,0.011835
143, 144, 2752, 32506.000000,0.012368
143, 144, 3078, 35131.000000,0.013367
144, 2752, 3078, 27346.000000,0.010405
298, 2087, 2802, 51548.000000,0.019614
298, 2541, 2802, 30031.000000,0.011427
298, 2541, 3452, 32585.000000,0.012398
298, 2802, 3452, 28994.000000,0.011032
312, 2380, 3354, 32871.000000,0.012507
313, 824, 2815, 45404.000000,0.017276
313, 824, 3061, 46651.000000,0.017750
313, 2815, 3061, 69027.000000,0.026264
314, 437, 624, 28105.000000,0.010694
342, 493, 863, 26952.000000,0.010255
342, 863, 2030, 33881.000000,0.012891
342, 863, 2448, 38958.000000,0.014823
342, 863, 2541, 29423.000000,0.011195
342, 1935, 2803, 28507.000000,0.010847
342, 1936, 1957, 30992.000000,0.011792
342, 1936, 2030, 27888.000000,0.010611
342, 1936, 2448, 31538.000000,0.012000
342, 1936, 2936, 39973.000000,0.015209
342, 1936, 3056, 31090.000000,0.011830
342, 1957, 2030, 34213.000000,0.013018
342, 1957, 2448, 37555.000000,0.014289
342, 1957, 2936, 35093.000000,0.013353
342, 1957, 3056, 29724.000000,0.011310
342, 2030, 2448, 88915.000000,0.033832
342, 2030, 2541, 37418.000000,0.014237
342, 2030, 2803, 28276.000000,0.010759
342, 2030, 2936, 34875.000000,0.013270
342, 2030, 3056, 30103.000000,0.011454
342, 2030, 3452, 32536.000000,0.012380
342, 2448, 2541, 44745.000000,0.017025
342, 2448, 2803, 33928.000000,0.012909
342, 2448, 2936, 37456.000000,0.014252
342, 2448, 3056, 34067.000000,0.012962
342, 2448, 3452, 40063.000000,0.015244
342, 2541, 2803, 27131.000000,0.010323
342, 2541, 3452, 45048.000000,0.017140
342, 2936, 3056, 39536.000000,0.015043
354, 437, 1134, 27064.000000,0.010298
354, 624, 1134, 27727.000000,0.010550
354, 824, 1134, 30143.000000,0.011469
354, 1134, 2009, 37250.000000,0.014173
354, 1134, 2010, 37945.000000,0.014438
354, 1134, 2255, 28075.000000,0.010682
354, 1134, 2380, 29588.000000,0.011258
354, 1134, 2815, 30054.000000,0.011435
354, 1134, 3347, 27655.000000,0.010523
354, 1134, 3348, 46989.000000,0.017879
354, 1134, 3354, 40128.000000,0.015268
354, 2009, 2010, 37023.000000,0.014087
354, 2009, 2255, 27174.000000,0.010340
354, 2380, 3354, 30680.000000,0.011674
354, 2815, 3061, 28001.000000,0.010654
493, 863, 2803, 28029.000000,0.010665
493, 863, 2936, 26928.000000,0.010246
493, 863, 3056, 27677.000000,0.010531
493, 863, 3452, 29099.000000,0.011072
493, 1935, 2803, 26352.000000,0.010027
493, 1936, 2936, 27614.000000,0.010507
493, 2936, 3056, 28083.000000,0.010685
511, 2145, 2164, 39790.000000,0.015140
511, 2145, 2733, 38200.000000,0.014535
511, 2164, 2733, 36516.000000,0.013894
512, 1965, 2197, 39138.000000,0.014892
512, 1965, 2281, 36177.000000,0.013765
512, 1965, 2737, 45928.000000,0.017475
512, 1965, 3388, 42271.000000,0.016084
512, 2197, 2281, 36939.000000,0.014055
512, 2197, 2737, 40116.000000,0.015264
512, 2197, 3388, 39497.000000,0.015028
512, 2281, 2737, 36714.000000,0.013969
512, 2281, 3388, 36536.000000,0.013902
512, 2737, 3388, 42808.000000,0.016288
824, 2815, 3061, 48475.000000,0.018444
863, 1935, 2803, 29758.000000,0.011323
863, 1936, 1957, 34728.000000,0.013214
863, 1936, 2936, 46985.000000,0.017877
863, 1936, 3056, 39997.000000,0.015219
863, 1957, 2936, 36726.000000,0.013974
863, 1957, 3056, 32074.000000,0.012204
863, 2030, 2448, 35463.000000,0.013493
863, 2448, 2541, 27652.000000,0.010521
863, 2541, 2803, 27237.000000,0.010363
863, 2541, 3056, 27102.000000,0.010312
863, 2541, 3452, 44218.000000,0.016825
863, 2803, 2936, 26928.000000,0.010246
863, 2936, 3056, 46203.000000,0.017580
864, 1466, 1954, 27166.000000,0.010336
864, 1466, 2196, 29558.000000,0.011247
864, 1466, 2736, 29558.000000,0.011247
864, 1466, 3387, 29558.000000,0.011247
864, 1954, 2196, 27852.000000,0.010597
864, 1954, 2736, 27852.000000,0.010597
864, 1954, 3387, 27852.000000,0.010597
864, 2196, 2736, 31152.000000,0.011853
864, 2196, 3387, 31152.000000,0.011853
864, 2736, 3387, 34609.000000,0.013168
883, 2997, 3083, 34461.000000,0.013112
1046, 1249, 1499, 31397.000000,0.011946
1046, 1249, 3559, 30947.000000,0.011775
1116, 1117, 2999, 26821.000000,0.010205
1116, 1118, 3000, 28919.000000,0.011003
1116, 1119, 2998, 26990.000000,0.010270
1116, 1119, 3001, 30915.000000,0.011763
1116, 2997, 2998, 26764.000000,0.010184
1116, 2997, 3083, 27640.000000,0.010517
1116, 2998, 2999, 29086.000000,0.011067
1116, 2998, 3000, 29074.000000,0.011062
1116, 2998, 3001, 30585.000000,0.011637
1116, 2998, 3084, 42800.000000,0.016285
1116, 2998, 3087, 28767.000000,0.010946
1116, 2999, 3084, 27163.000000,0.010335
1116, 3000, 3001, 26877.000000,0.010227
1116, 3000, 3087, 26930.000000,0.010247
1116, 3001, 3084, 28123.000000,0.010701
1116, 3001, 3087, 31172.000000,0.011861
1116, 3084, 3085, 26551.000000,0.010102
1116, 3084, 3087, 28897.000000,0.010995
1117, 2997, 2999, 28382.000000,0.010799
1117, 2998, 2999, 26294.000000,0.010005
1117, 2999, 3084, 30177.000000,0.011482
1117, 2999, 3085, 37103.000000,0.014117
1118, 1119, 3000, 26378.000000,0.010037
1118, 1119, 3001, 28604.000000,0.010884
1118, 3000, 3001, 32320.000000,0.012298
1118, 3000, 3086, 36246.000000,0.013791
1118, 3000, 3087, 30983.000000,0.011789
1118, 3001, 3087, 29679.000000,0.011293
1119, 2997, 3001, 27559.000000,0.010486
1119, 2998, 3001, 27878.000000,0.010607
1119, 2999, 3001, 28418.000000,0.010813
1119, 3000, 3001, 31252.000000,0.011891
1119, 3000, 3087, 26479.000000,0.010075
1119, 3001, 3084, 27528.000000,0.010474
1119, 3001, 3087, 37943.000000,0.014437
1134, 2009, 2010, 33239.000000,0.012647
1134, 2380, 3354, 32009.000000,0.012179
1134, 2815, 3061, 26991.000000,0.010270
1299, 2488, 3159, 26572.000000,0.010110
1436, 1467, 2195, 30326.000000,0.011539
1436, 1467, 2280, 30792.000000,0.011716
1436, 1467, 2734, 31000.000000,0.011795
1436, 1467, 3414, 30312.000000,0.011534
1436, 2195, 2280, 38069.000000,0.014485
1436, 2195, 2734, 32883.000000,0.012512
1436, 2195, 3414, 41922.000000,0.015951
1436, 2280, 2734, 33349.000000,0.012689
1436, 2280, 3414, 38616.000000,0.014693
1436, 2734, 3414, 32869.000000,0.012506
1466, 1954, 2196, 38883.000000,0.014795
1466, 1954, 2736, 28978.000000,0.011026
1466, 1954, 3387, 32195.000000,0.012250
1466, 2196, 2736, 32999.000000,0.012556
1466, 2196, 3387, 37585.000000,0.014301
1466, 2736, 3387, 32999.000000,0.012556
1467, 2195, 2280, 31369.000000,0.011936
1467, 2195, 2734, 31577.000000,0.012015
1467, 2195, 3414, 31369.000000,0.011936
1467, 2280, 2734, 42766.000000,0.016272
1467, 2280, 3414, 40122.000000,0.015266
1467, 2734, 3414, 39769.000000,0.015132
1507, 2269, 2472, 33884.000000,0.012893
1507, 2269, 3381, 28168.000000,0.010718
1507, 2269, 3383, 37054.000000,0.014099
1507, 2472, 3381, 29254.000000,0.011131
1507, 2472, 3383, 34860.000000,0.013264
1507, 3381, 3383, 29254.000000,0.011131
1778, 1780, 1808, 26506.000000,0.010085
1778, 1780, 1811, 26577.000000,0.010112
1778, 1802, 2065, 28083.000000,0.010685
1778, 1811, 2058, 28379.000000,0.010798
1803, 1897, 2640, 27561.000000,0.010487
1920, 1940, 2815, 37953.000000,0.014441
1920, 1940, 3061, 36009.000000,0.013701
1920, 1940, 3321, 74860.000000,0.028484
1920, 1940, 3347, 50388.000000,0.019172
1920, 2815, 3061, 40469.000000,0.015398
1920, 2815, 3321, 35692.000000,0.013581
1920, 3061, 3321, 35844.000000,0.013638
1920, 3321, 3347, 63323.000000,0.024094
1935, 1936, 1957, 26689.000000,0.010155
1935, 1936, 2936, 30258.000000,0.011513
1935, 1957, 2936, 27742.000000,0.010556
1935, 2030, 2448, 26936.000000,0.010249
1935, 2541, 2803, 28062.000000,0.010677
1935, 2803, 2936, 28810.000000,0.010962
1935, 2803, 3452, 26342.000000,0.010023
1935, 2936, 3056, 26913.000000,0.010240
1936, 1957, 2030, 29135.000000,0.011086
1936, 1957, 2448, 30113.000000,0.011458
1936, 1957, 2541, 29816.000000,0.011345
1936, 1957, 2803, 27112.000000,0.010316
1936, 1957, 2936, 92228.000000,0.035092
1936, 1957, 3056, 76466.000000,0.029095
1936, 1957, 3452, 27918.000000,0.010623
1936, 2030, 2448, 33710.000000,0.012826
1936, 2030, 2936, 35628.000000,0.013556
1936, 2030, 3056, 26836.000000,0.010211
1936, 2448, 2936, 41063.000000,0.015624
1936, 2448, 3056, 30471.000000,0.011594
1936, 2541, 2936, 38223.000000,0.014544
1936, 2541, 3056, 31937.000000,0.012152
1936, 2541, 3452, 29795.000000,0.011337
1936, 2803, 2936, 38101.000000,0.014497
1936, 2803, 3056, 29665.000000,0.011287
1936, 2936, 3056, 111606.000000,0.042465
1936, 2936, 3452, 35600.000000,0.013546
1936, 3056, 3452, 27462.000000,0.010449
1940, 2815, 3061, 36162.000000,0.013759
1940, 2815, 3321, 27320.000000,0.010395
1940, 3321, 3347, 48826.000000,0.018578
1954, 2196, 2736, 29664.000000,0.011287
1954, 2196, 3387, 33251.000000,0.012652
1954, 2736, 3387, 29664.000000,0.011287
1957, 2030, 2448, 42276.000000,0.016086
1957, 2030, 2936, 32863.000000,0.012504
1957, 2448, 2936, 35616.000000,0.013552
1957, 2448, 3056, 26568.000000,0.010109
1957, 2541, 2936, 31699.000000,0.012061
1957, 2541, 3056, 26592.000000,0.010118
1957, 2541, 3452, 28315.000000,0.010774
1957, 2803, 2936, 29237.000000,0.011124
1957, 2936, 3056, 80473.000000,0.030619
1957, 2936, 3452, 30175.000000,0.011481
1964, 2146, 2279, 48980.000000,0.018637
1964, 2146, 2735, 50281.000000,0.019132
1964, 2279, 2735, 44374.000000,0.016884
1965, 2197, 2281, 44649.000000,0.016989
1965, 2197, 2737, 44145.000000,0.016797
1965, 2197, 3388, 47317.000000,0.018004
1965, 2281, 2737, 40498.000000,0.015409
1965, 2281, 3388, 43670.000000,0.016616
1965, 2737, 3388, 48053.000000,0.018284
2009, 2010, 2255, 56519.000000,0.021505
2009, 2010, 2815, 27738.000000,0.010554
2010, 2815, 3061, 28177.000000,0.010721
2030, 2380, 2448, 26507.000000,0.010086
2030, 2448, 2541, 44811.000000,0.017050
2030, 2448, 2803, 35760.000000,0.013606
2030, 2448, 2936, 39569.000000,0.015056
2030, 2448, 3056, 32505.000000,0.012368
2030, 2448, 3354, 30625.000000,0.011653
2030, 2448, 3452, 39469.000000,0.015018
2030, 2541, 3452, 41330.000000,0.015726
2030, 2936, 3056, 33425.000000,0.012718
2087, 2541, 3452, 28973.000000,0.011024
2087, 2802, 3452, 26972.000000,0.010263
2145, 2164, 2733, 36516.000000,0.013894
2146, 2279, 2735, 44374.000000,0.016884
2195, 2280, 2734, 34859.000000,0.013264
2195, 2280, 3414, 41240.000000,0.015692
2195, 2734, 3414, 34859.000000,0.013264
2196, 2736, 3387, 36000.000000,0.013698
2197, 2281, 2737, 41035.000000,0.015614
2197, 2281, 3388, 48897.000000,0.018605
2197, 2737, 3388, 44279.000000,0.016848
2268, 2471, 3382, 35813.000000,0.013627
2269, 2472, 3381, 29118.000000,0.011079
2269, 2472, 3383, 36126.000000,0.013746
2269, 3381, 3383, 29118.000000,0.011079
2280, 2734, 3414, 43872.000000,0.016693
2281, 2737, 3388, 40632.000000,0.015460
2380, 2448, 3354, 27015.000000,0.010279
2448, 2541, 3452, 44220.000000,0.016825
2448, 2936, 3056, 36667.000000,0.013952
2472, 3381, 3383, 33070.000000,0.012583
2541, 2802, 3452, 29363.000000,0.011172
2541, 2803, 3452, 41598.000000,0.015828
2541, 2936, 3056, 42094.000000,0.016016
2541, 2936, 3452, 35037.000000,0.013331
2541, 3056, 3452, 34707.000000,0.013206
2803, 2936, 3056, 35465.000000,0.013494
2815, 3061, 3321, 32937.000000,0.012532
2936, 3056, 3452, 33576.000000,0.012775
2997, 2998, 3084, 28579.000000,0.010874
2997, 2999, 3083, 30422.000000,0.011575
2997, 2999, 3084, 27403.000000,0.010427
2997, 2999, 3085, 27854.000000,0.010598
2997, 3000, 3083, 27942.000000,0.010632
2997, 3000, 3086, 28750.000000,0.010939
2997, 3000, 3087, 27119.000000,0.010319
2997, 3001, 3083, 31670.000000,0.012050
2997, 3001, 3087, 31605.000000,0.012025
2997, 3083, 3084, 29687.000000,0.011296
2997, 3083, 3085, 26632.000000,0.010133
2997, 3083, 3086, 27354.000000,0.010408
2997, 3083, 3087, 33714.000000,0.012828
2998, 2999, 3084, 30983.000000,0.011789
2998, 2999, 3085, 28238.000000,0.010744
2998, 3000, 3084, 27622.000000,0.010510
2998, 3001, 3084, 27768.000000,0.010566
2998, 3001, 3087, 27068.000000,0.010299
2998, 3083, 3084, 27066.000000,0.010298
2998, 3084, 3085, 28319.000000,0.010775
2998, 3084, 3086, 27005.000000,0.010275
2998, 3084, 3087, 31101.000000,0.011834
2999, 3001, 3084, 26632.000000,0.010133
2999, 3001, 3085, 29871.000000,0.011366
2999, 3001, 3087, 29121.000000,0.011080
2999, 3083, 3084, 26391.000000,0.010042
2999, 3083, 3085, 28397.000000,0.010805
2999, 3084, 3085, 36185.000000,0.013768
2999, 3084, 3087, 27889.000000,0.010612
2999, 3085, 3086, 29264.000000,0.011135
2999, 3085, 3087, 31842.000000,0.012116
3000, 3001, 3086, 29911.000000,0.011381
3000, 3001, 3087, 36493.000000,0.013885
3000, 3083, 3086, 27091.000000,0.010308
3000, 3084, 3086, 29239.000000,0.011125
3000, 3086, 3087, 32806.000000,0.012482
3001, 3083, 3087, 31982.000000,0.012169
3001, 3084, 3087, 31276.000000,0.011900
3001, 3085, 3087, 27983.000000,0.010647
3001, 3086, 3087, 29986.000000,0.011409
3083, 3084, 3085, 27462.000000,0.010449
3083, 3085, 3087, 26696.000000,0.010158
3083, 3086, 3087, 29000.000000,0.011034
3084, 3085, 3086, 29579.000000,0.011255
3084, 3085, 3087, 31007.000000,0.011798
3084, 3086, 3087, 28366.000000,0.010793
3085, 3086, 3087, 30350.000000,0.011548
9, 1920, 1940, 2815, 33803.000000,0.012862
9, 1920, 1940, 3061, 30922.000000,0.011766
9, 1920, 1940, 3321, 63281.000000,0.024078
9, 1920, 1940, 3347, 44896.000000,0.017083
9, 1920, 2815, 3061, 28811.000000,0.010962
9, 1920, 3321, 3347, 45240.000000,0.017213
9, 1940, 2815, 3061, 31209.000000,0.011875
9, 1940, 3321, 3347, 43977.000000,0.016733
12, 298, 2541, 2802, 26630.000000,0.010133
12, 298, 2541, 3452, 29808.000000,0.011342
12, 298, 2802, 3452, 26900.000000,0.010235
12, 342, 2030, 2448, 31049.000000,0.011814
12, 342, 2030, 2541, 27659.000000,0.010524
12, 342, 2030, 3452, 30957.000000,0.011779
12, 342, 2448, 2541, 30527.000000,0.011615
12, 342, 2448, 3452, 33459.000000,0.012731
12, 342, 2541, 3452, 37829.000000,0.014394
12, 863, 2541, 3452, 33005.000000,0.012558
12, 1936, 1957, 2936, 26987.000000,0.010268
12, 1936, 2936, 3452, 27714.000000,0.010545
12, 2030, 2448, 2541, 29455.000000,0.011207
12, 2030, 2448, 3452, 33523.000000,0.012755
12, 2030, 2541, 3452, 34858.000000,0.013263
12, 2448, 2541, 3452, 36094.000000,0.013734
12, 2541, 2802, 3452, 26630.000000,0.010133
12, 2541, 2803, 3452, 33873.000000,0.012888
12, 2541, 2936, 3452, 26631.000000,0.010133
12, 2541, 3056, 3452, 26452.000000,0.010065
298, 2541, 2802, 3452, 28724.000000,0.010929
313, 824, 2815, 3061, 43090.000000,0.016395
342, 863, 2030, 2448, 30325.000000,0.011538
342, 1936, 1957, 2936, 30992.000000,0.011792
342, 1936, 2030, 2936, 27136.000000,0.010325
342, 1936, 2448, 2936, 30049.000000,0.011433
342, 1936, 2936, 3056, 31090.000000,0.011830
342, 1957, 2030, 2448, 33083.000000,0.012588
342, 1957, 2030, 2936, 26513.000000,0.010088
342, 1957, 2448, 2936, 28165.000000,0.010717
342, 1957, 2936, 3056, 28523.000000,0.010853
342, 2030, 2448, 2541, 34399.000000,0.013089
342, 2030, 2448, 2803, 26958.000000,0.010257
342, 2030, 2448, 2936, 31955.000000,0.012159
342, 2030, 2448, 3056, 27522.000000,0.010472
342, 2030, 2448, 3452, 30110.000000,0.011457
342, 2030, 2541, 3452, 28829.000000,0.010969
342, 2030, 2936, 3056, 27339.000000,0.010402
342, 2448, 2541, 3452, 35275.000000,0.013422
342, 2448, 2936, 3056, 29680.000000,0.011293
354, 1134, 2009, 2010, 27839.000000,0.010593
511, 2145, 2164, 2733, 36516.000000,0.013894
512, 1965, 2197, 2281, 36177.000000,0.013765
512, 1965, 2197, 2737, 39138.000000,0.014892
512, 1965, 2197, 3388, 38735.000000,0.014738
512, 1965, 2281, 2737, 36177.000000,0.013765
512, 1965, 2281, 3388, 35774.000000,0.013612
512, 1965, 2737, 3388, 42271.000000,0.016084
512, 2197, 2281, 2737, 36714.000000,0.013969
512, 2197, 2281, 3388, 36536.000000,0.013902
512, 2197, 2737, 3388, 39272.000000,0.014943
512, 2281, 2737, 3388, 36311.000000,0.013816
863, 1936, 1957, 2936, 34728.000000,0.013214
863, 1936, 1957, 3056, 31384.000000,0.011941
863, 1936, 2936, 3056, 39858.000000,0.015166
863, 1957, 2936, 3056, 32074.000000,0.012204
864, 1466, 1954, 2196, 27166.000000,0.010336
864, 1466, 1954, 2736, 27166.000000,0.010336
864, 1466, 1954, 3387, 27166.000000,0.010336
864, 1466, 2196, 2736, 29558.000000,0.011247
864, 1466, 2196, 3387, 29558.000000,0.011247
864, 1466, 2736, 3387, 29558.000000,0.011247
864, 1954, 2196, 2736, 27852.000000,0.010597
864, 1954, 2196, 3387, 27852.000000,0.010597
864, 1954, 2736, 3387, 27852.000000,0.010597
864, 2196, 2736, 3387, 31152.000000,0.011853
1116, 1119, 2998, 3001, 26385.000000,0.010039
1118, 3000, 3001, 3087, 27941.000000,0.010631
1119, 3000, 3001, 3087, 26479.000000,0.010075
1436, 1467, 2195, 2280, 29765.000000,0.011325
1436, 1467, 2195, 2734, 29973.000000,0.011405
1436, 1467, 2195, 3414, 29765.000000,0.011325
1436, 1467, 2280, 2734, 30439.000000,0.011582
1436, 1467, 2280, 3414, 30312.000000,0.011534
1436, 1467, 2734, 3414, 29959.000000,0.011399
1436, 2195, 2280, 2734, 32322.000000,0.012298
1436, 2195, 2280, 3414, 38069.000000,0.014485
1436, 2195, 2734, 3414, 32322.000000,0.012298
1436, 2280, 2734, 3414, 32869.000000,0.012506
1466, 1954, 2196, 2736, 28978.000000,0.011026
1466, 1954, 2196, 3387, 32195.000000,0.012250
1466, 1954, 2736, 3387, 28978.000000,0.011026
1466, 2196, 2736, 3387, 32999.000000,0.012556
1467, 2195, 2280, 2734, 31016.000000,0.011801
1467, 2195, 2280, 3414, 31369.000000,0.011936
1467, 2195, 2734, 3414, 31016.000000,0.011801
1467, 2280, 2734, 3414, 39769.000000,0.015132
1507, 2269, 2472, 3381, 28168.000000,0.010718
1507, 2269, 2472, 3383, 33774.000000,0.012851
1507, 2269, 3381, 3383, 28168.000000,0.010718
1507, 2472, 3381, 3383, 29254.000000,0.011131
1920, 1940, 2815, 3061, 31908.000000,0.012141
1920, 1940, 2815, 3321, 27320.000000,0.010395
1920, 1940, 3321, 3347, 48826.000000,0.018578
1920, 2815, 3061, 3321, 29392.000000,0.011183
1935, 1936, 1957, 2936, 26689.000000,0.010155
1936, 1957, 2030, 2448, 26576.000000,0.010112
1936, 1957, 2030, 2936, 29135.000000,0.011086
1936, 1957, 2448, 2936, 30113.000000,0.011458
1936, 1957, 2541, 2936, 29816.000000,0.011345
1936, 1957, 2803, 2936, 27112.000000,0.010316
1936, 1957, 2936, 3056, 76466.000000,0.029095
1936, 1957, 2936, 3452, 27918.000000,0.010623
1936, 2030, 2448, 2936, 32275.000000,0.012280
1936, 2448, 2936, 3056, 29788.000000,0.011334
1936, 2541, 2936, 3056, 31937.000000,0.012152
1936, 2541, 2936, 3452, 28577.000000,0.010873
1936, 2803, 2936, 3056, 29404.000000,0.011188
1936, 2936, 3056, 3452, 27462.000000,0.010449
1954, 2196, 2736, 3387, 29664.000000,0.011287
1957, 2030, 2448, 2936, 29753.000000,0.011321
1957, 2541, 2936, 3056, 26592.000000,0.010118
1964, 2146, 2279, 2735, 44374.000000,0.016884
1965, 2197, 2281, 2737, 40498.000000,0.015409
1965, 2197, 2281, 3388, 43670.000000,0.016616
1965, 2197, 2737, 3388, 43742.000000,0.016644
1965, 2281, 2737, 3388, 40095.000000,0.015256
2030, 2448, 2541, 3452, 32447.000000,0.012346
2030, 2448, 2936, 3056, 28663.000000,0.010906
2195, 2280, 2734, 3414, 34859.000000,0.013264
2197, 2281, 2737, 3388, 40632.000000,0.015460
2269, 2472, 3381, 3383, 29118.000000,0.011079
2541, 2936, 3056, 3452, 28107.000000,0.010695
2997, 3001, 3083, 3087, 29070.000000,0.011061
3000, 3001, 3086, 3087, 27293.000000,0.010385
9, 1920, 1940, 2815, 3061, 28104.000000,0.010693
9, 1920, 1940, 3321, 3347, 43977.000000,0.016733
12, 298, 2541, 2802, 3452, 26630.000000,0.010133
12, 342, 2030, 2448, 3452, 28531.000000,0.010856
12, 342, 2030, 2541, 3452, 27659.000000,0.010524
12, 342, 2448, 2541, 3452, 30527.000000,0.011615
12, 2030, 2448, 2541, 3452, 29025.000000,0.011044
342, 2030, 2448, 2541, 3452, 26769.000000,0.010185
512, 1965, 2197, 2281, 2737, 36177.000000,0.013765
512, 1965, 2197, 2281, 3388, 35774.000000,0.013612
512, 1965, 2197, 2737, 3388, 38735.000000,0.014738
512, 1965, 2281, 2737, 3388, 35774.000000,0.013612
512, 2197, 2281, 2737, 3388, 36311.000000,0.013816
863, 1936, 1957, 2936, 3056, 31384.000000,0.011941
864, 1466, 1954, 2196, 2736, 27166.000000,0.010336
864, 1466, 1954, 2196, 3387, 27166.000000,0.010336
864, 1466, 1954, 2736, 3387, 27166.000000,0.010336
864, 1466, 2196, 2736, 3387, 29558.000000,0.011247
864, 1954, 2196, 2736, 3387, 27852.000000,0.010597
1436, 1467, 2195, 2280, 2734, 29412.000000,0.011191
1436, 1467, 2195, 2280, 3414, 29765.000000,0.011325
1436, 1467, 2195, 2734, 3414, 29412.000000,0.011191
1436, 1467, 2280, 2734, 3414, 29959.000000,0.011399
1436, 2195, 2280, 2734, 3414, 32322.000000,0.012298
1466, 1954, 2196, 2736, 3387, 28978.000000,0.011026
1467, 2195, 2280, 2734, 3414, 31016.000000,0.011801
1507, 2269, 2472, 3381, 3383, 28168.000000,0.010718
1936, 1957, 2030, 2448, 2936, 26576.000000,0.010112
1965, 2197, 2281, 2737, 3388, 40095.000000,0.015256
512, 1965, 2197, 2281, 2737, 3388, 35774.000000,0.013612
864, 1466, 1954, 2196, 2736, 3387, 27166.000000,0.010336
1436, 1467, 2195, 2280, 2734, 3414, 29412.000000,0.011191
